Trial>> xcp=[1.000910861
0.981528556
0.962137281
0.942718533
0.923257656
0.903743373
0.884167357
0.864523824
0.844809161
0.825021584
0.805160824
0.785227843
0.765224579
0.74515372
0.725018499
0.704822529
0.684569652
0.664263818
0.643908989
0.623509066
0.603067839
0.582588956
0.562075914
0.541532073
0.520960677
0.500364903
0.479747917
0.459112947
0.438463366
0.417802785
0.397135157
0.37646488
0.355796914
0.335136895
0.314491254
0.293867331
0.273273495
0.252719261
0.232215407
0.211774103
0.191409052
0.171135678
0.15097139
0.130936013
0.111052556
0.091348714
0.071860061
0.05263771
0.033770323
0.015473416
0
0.024526584
0.046229677
0.06736229
0.088139939
0.108651286
0.128947444
0.149063987
0.16902861
0.188864322
0.208590948
0.228225897
0.247784593
0.267280739
0.286726505
0.306132669
0.325508746
0.344863105
0.364203086
0.38353512
0.402864843
0.422197215
0.441536634
0.460887053
0.480252083
0.499635097
0.519039323
0.538467927
0.557924086
0.577411044
0.596932161
0.616490934
0.636091011
0.655736182
0.675430348
0.695177471
0.714981501
0.73484628
0.754775421
0.774772157
0.794839176
0.814978416
0.835190839
0.855476176
0.875832643
0.896256627
0.916742344
0.937281467
0.957862719
0.978471444
0.999089139
];
Trial>> ycp=[0.000843529
0.008149328
0.015579207
0.023052325
0.030498102
0.03785552
0.045072422
0.052104824
0.058916233
0.065476972
0.071763524
0.077757882
0.08344691
0.088821724
0.093877085
0.098610812
0.103023207
0.107116504
0.110894341
0.114361246
0.117522151
0.12038193
0.122944966
0.125214736
0.127193434
0.128881619
0.130277895
0.131378624
0.132177671
0.132666186
0.132832415
0.132661561
0.132135658
0.131233503
0.129930601
0.128199147
0.126008022
0.123322789
0.120105673
0.116315467
0.111907303
0.106832143
0.101035759
0.094456717
0.087022407
0.07864097
0.069183818
0.058443519
0.046012151
0.03078336
0
-0.02403648
-0.032800631
-0.039049599
-0.043889738
-0.04772897
-0.050774727
-0.053155597
-0.054963439
-0.056270863
-0.057139303
-0.057622987
-0.057770953
-0.057628069
-0.057235542
-0.056631147
-0.055849321
-0.054921183
-0.053874538
-0.052733881
-0.051520415
-0.050252106
-0.048943751
-0.047607104
-0.046251015
-0.044881619
-0.043502554
-0.042115216
-0.040719046
-0.03931185
-0.037890151
-0.036449566
-0.034985221
-0.033492184
-0.031965927
-0.030402812
-0.028800605
-0.027159004
-0.02548019
-0.023769402
-0.022035524
-0.020291692
-0.018555913
-0.016851704
-0.015208742
-0.01366352
-0.012260022
-0.011050405
-0.010095687
-0.009466448
-0.009243529
];
Trial>> alfacp=[-10
-9.95
-9.9
-9.85
-9.8
-9.75
-9.7
-9.65
-9.6
-9.55
-9.5
-9.45
-9.4
-9.35
-9.3
-9.25
-9.2
-9.15
-9.1
-9.05
-9
-8.95
-8.9
-8.85
-8.8
-8.75
-8.7
-8.65
-8.6
-8.55
-8.5
-8.45
-8.4
-8.35
-8.3
-8.25
-8.2
-8.15
-8.1
-8.05
-8
-7.95
-7.9
-7.85
-7.8
-7.75
-7.7
-7.65
-7.6
-7.55
-7.5
-7.45
-7.4
-7.35
-7.3
-7.25
-7.2
-7.15
-7.1
-7.05
-7
-6.95
-6.9
-6.85
-6.8
-6.75
-6.7
-6.65
-6.6
-6.55
-6.5
-6.45
-6.4
-6.35
-6.3
-6.25
-6.2
-6.15
-6.1
-6.05
-6
-5.95
-5.9
-5.85
-5.8
-5.75
-5.7
-5.65
-5.6
-5.55
-5.5
-5.45
-5.4
-5.35
-5.3
-5.25
-5.2
-5.15
-5.1
-5.05
-5
-4.95
-4.9
-4.8
-4.75
-4.7
-4.65
-4.6
-4.55
-4.5
-4.45
-4.4
-4.35
-4.3
-4.25
-4.2
-4.15
-4.1
-4.05
-4
-3.95
-3.9
-3.85
-3.8
-3.75
-3.7
-3.65
-3.6
-3.55
-3.5
-3.45
-3.4
-3.35
-3.3
-3.25
-3.2
-3.15
-3.1
-3.05
-3
-2.95
-2.9
-2.85
-2.8
-2.75
-2.7
-2.65
-2.6
-2.55
-2.5
-2.45
-2.4
-2.35
-2.3
-2.25
-2.2
-2.15
-2.1
-2.05
-2
-1.95
-1.9
-1.85
-1.8
-1.75
-1.7
-1.65
-1.6
-1.55
-1.5
-1.45
-1.4
-1.35
-1.3
-1.25
-1.2
-1.15
-1.1
-1.05
-1
-0.95
-0.9
-0.85
-0.8
-0.75
-0.7
-0.65
-0.55
-0.5
-0.45
-0.4
-0.35
-0.3
-0.25
-0.2
-0.15
-0.05
0
0.05
0.1
0.15
0.2
0.25
0.3
0.35
0.4
0.45
0.5
0.55
0.6
0.65
0.7
0.75
0.8
0.85
0.9
0.95
1
1.05
1.1
1.15
1.2
1.25
1.3
1.35
1.4
1.45
1.5
1.55
1.6
1.65
1.7
1.75
1.8
1.85
1.9
2
2.05
2.1
2.15
2.2
2.25
2.3
2.35
2.4
2.45
2.5
2.55
2.65
2.7
2.75
2.8
2.85
2.9
2.95
3
3.05
3.1
3.15
3.2
3.25
3.3
3.35
3.4
3.45
3.5
3.55
3.6
3.65
3.7
3.75
3.8
3.85
3.9
3.95
4
4.05
4.1
4.15
4.2
4.25
4.3
4.35
4.4
4.45
4.5
4.55
4.6
4.65
4.7
4.75
4.8
4.85
4.9
4.95
5
5.05
5.1
5.15
5.2
5.25
5.3
5.35
5.4
5.45
5.5
5.55
5.6
5.65
5.7
5.75
5.8
5.85
5.9
5.95
6
6.05
6.1
6.15
6.2
6.25
6.3
6.35
6.4
6.45
6.5
6.55
6.6
6.65
6.7
6.75
6.8
6.85
6.9
6.95
7
7.05
7.1
7.15
7.25
7.3
7.4
7.45
7.5
7.55
7.6
7.65
7.7
7.75
7.8
7.85
7.9
7.95
8
8.05
8.1
8.15
8.2
8.25
8.3
8.35
8.4
8.45
8.5
8.55
8.6
8.65
8.7
8.75
8.8
8.85
8.9
8.95
9
9.05
9.1
9.15
9.2
9.25
9.3
9.35
9.4
9.45
9.5
9.55
9.6
9.65
9.7
9.75
9.8
9.85
9.9
9.95
10
10.05
10.1
10.15
10.2
10.25
10.3
10.35
10.4
10.45
10.5
10.55
10.6
10.65
10.7
10.75
10.8
10.85
10.9
10.95
11
11.05
11.1
11.15
11.2
11.25
11.3
11.35
11.4
11.45
11.5
11.55
11.6
11.65
11.7
11.75
11.8
11.85
11.9
11.95
12
12.05
12.1
12.15
12.2
12.25
12.3
12.35
12.4
12.45
12.5
12.55
12.6
12.65
12.7
12.75
12.8
12.85
12.9
12.95
13
13.05
13.1
13.15
13.2
13.25
13.3
13.35
13.4
13.45
13.5
13.55
13.6
13.65
13.7
13.75
13.8
13.85
13.9
13.95
14
14.05
14.1
14.15
14.2
14.25
14.3
14.35
14.4
14.45
14.5
14.55
14.6
14.65
14.7
14.75
14.8
14.85
14.9
14.95
15
15.05
15.1
15.15
15.2
15.25
15.3
15.35
15.4
15.45
15.5
15.55
15.6
15.65
15.7
15.75
15.8
15.85
15.9
15.95
16
16.05
16.1
16.15
16.2
16.25
16.3
16.35
16.4
16.45
16.5
16.55
16.6
16.65
16.7
16.75
16.8
16.85
];
Trial>> clcp=[-0.145
-0.1438
-0.1427
-0.1417
-0.1406
-0.1397
-0.1387
-0.1377
-0.1367
-0.1356
-0.1345
-0.1335
-0.1325
-0.1317
-0.1309
-0.1302
-0.1296
-0.1292
-0.1288
-0.1286
-0.1285
-0.1286
-0.1289
-0.1296
-0.13
-0.1307
-0.1319
-0.131
-0.1289
-0.1272
-0.1261
-0.1256
-0.1256
-0.1261
-0.1271
-0.129
-0.1324
-0.1594
-0.164
-0.1673
-0.1697
-0.1714
-0.2201
-0.2171
-0.214
-0.2109
-0.2078
-0.2047
-0.2016
-0.1984
-0.1952
-0.192
-0.1888
-0.1857
-0.1825
-0.1793
-0.176
-0.1728
-0.1695
-0.1663
-0.163
-0.1597
-0.1564
-0.153
-0.1496
-0.1462
-0.1427
-0.1391
-0.1355
-0.1319
-0.1281
-0.1242
-0.1201
-0.1157
-0.1109
-0.1058
-0.1003
-0.0941
-0.0875
-0.0808
-0.075
-0.07
-0.0654
-0.061
-0.0566
-0.0523
-0.048
-0.0438
-0.0584
-0.0537
-0.0489
-0.0441
-0.0393
-0.0345
-0.0297
-0.0249
-0.0201
-0.0153
-0.0105
-0.0057
-0.0009
0.0039
0.0085
0.0118
0.017
0.0223
0.0275
0.0328
0.0382
0.0435
0.0489
0.0543
0.0597
0.0652
0.0706
0.0759
0.0812
0.0865
0.0919
0.0973
0.1027
0.1081
0.1136
0.1191
0.1245
0.1299
0.1353
0.1407
0.1462
0.1516
0.157
0.1625
0.168
0.1735
0.179
0.1845
0.19
0.1955
0.201
0.2065
0.212
0.2175
0.2231
0.2286
0.2341
0.2397
0.2452
0.2507
0.2562
0.2617
0.267
0.2723
0.2775
0.2829
0.2883
0.2936
0.2991
0.3046
0.31
0.3154
0.3209
0.3265
0.332
0.3375
0.3431
0.3485
0.354
0.3595
0.3649
0.3704
0.3758
0.3813
0.3868
0.3924
0.3978
0.4033
0.4088
0.4142
0.4197
0.4251
0.4306
0.4359
0.4413
0.4467
0.4522
0.4577
0.4632
0.4741
0.4794
0.4856
0.4911
0.4966
0.5021
0.5076
0.513
0.5184
0.5291
0.5345
0.5398
0.5453
0.5507
0.5562
0.5616
0.567
0.5724
0.5777
0.583
0.5883
0.5936
0.5988
0.6041
0.6093
0.6146
0.62
0.6253
0.6306
0.6359
0.6411
0.6464
0.6516
0.6568
0.662
0.6672
0.6723
0.6775
0.6828
0.6881
0.6934
0.6987
0.7039
0.709
0.7142
0.7193
0.7243
0.7293
0.7343
0.7447
0.7499
0.755
0.7601
0.7652
0.7701
0.7751
0.7799
0.7847
0.7893
0.7938
0.7986
0.8074
0.811
0.8308
0.8408
0.8457
0.8506
0.8554
0.8602
0.865
0.8702
0.8754
0.8804
0.8854
0.8904
0.8952
0.9001
0.9048
0.9095
0.9142
0.9191
0.9242
0.9293
0.9343
0.9393
0.9441
0.949
0.9537
0.9584
0.9629
0.9674
0.9724
0.9774
0.9824
0.9873
0.9921
0.9968
1.0014
1.006
1.0105
1.0149
1.0195
1.0245
1.0295
1.0343
1.039
1.0437
1.0482
1.0526
1.0569
1.0611
1.0654
1.0703
1.0752
1.0799
1.0845
1.0889
1.0933
1.0975
1.1016
1.1055
1.1099
1.1146
1.1192
1.1237
1.128
1.1321
1.1361
1.1399
1.1435
1.1475
1.1521
1.1564
1.1606
1.1645
1.1683
1.1716
1.1746
1.1775
1.1816
1.1853
1.1885
1.1911
1.1932
1.1953
1.1988
1.2018
1.2042
1.206
1.2086
1.2115
1.2134
1.2173
1.2189
1.2218
1.2227
1.2236
1.2248
1.2249
1.2259
1.2256
1.2257
1.2249
1.2242
1.223
1.2209
1.2191
1.2162
1.2132
1.2096
1.2057
1.202
1.1985
1.1955
1.1947
1.1947
1.1948
1.1974
1.2002
1.2028
1.2053
1.2081
1.2108
1.2134
1.2162
1.219
1.2217
1.2243
1.227
1.2296
1.2321
1.2347
1.2373
1.2399
1.2424
1.245
1.2476
1.2501
1.2527
1.2552
1.2576
1.26
1.2625
1.265
1.2674
1.2699
1.2723
1.2747
1.277
1.2793
1.2815
1.2836
1.2858
1.2879
1.29
1.2921
1.2942
1.2962
1.2981
1.2999
1.3018
1.3036
1.3054
1.3072
1.309
1.3108
1.3125
1.314
1.3155
1.3171
1.3185
1.32
1.3215
1.323
1.3244
1.3256
1.3268
1.3279
1.3291
1.3302
1.3314
1.3325
1.3334
1.3343
1.335
1.3357
1.3364
1.3371
1.3376
1.3381
1.3384
1.3386
1.3389
1.3409
1.344
1.3698
1.3696
1.3694
1.3693
1.3692
1.3691
1.369
1.3688
1.3685
1.3683
1.368
1.3678
1.3675
1.3671
1.3666
1.3663
1.3658
1.3654
1.3649
1.3643
1.3637
1.363
1.3624
1.3619
1.3612
1.3604
1.3596
1.3587
1.358
1.3573
1.3566
1.3557
1.3548
1.354
1.3532
1.3524
1.3518
1.351
1.3501
1.3492
1.3485
1.3477
1.347
1.3464
1.3457
1.345
1.3443
1.3436
1.3429
1.3423
1.3417
1.3411
1.3406
1.3401
1.3397
1.3392
1.3388
1.3384
1.3379
1.3375
1.3372
1.3369
1.3365
1.3363
1.336
1.3357
1.3355
1.3353
1.335
1.3347
1.3344
1.334
1.3336
1.3331
1.3325
1.3319
1.3311
1.3302
1.3292
1.328
1.3267
1.3252
1.3236
1.3218
1.3198
1.3176
1.3149
1.3118
1.3071
];
Trial>> cdcp=[0.09233
0.09186
0.09139
0.09092
0.09044
0.08996
0.08948
0.089
0.08851
0.08799
0.08746
0.08693
0.08639
0.08584
0.08528
0.08472
0.08414
0.08356
0.08296
0.08234
0.0817
0.08103
0.08031
0.0795
0.0786
0.07762
0.07652
0.07582
0.07535
0.07485
0.07425
0.07351
0.07267
0.07171
0.07061
0.06929
0.06744
0.06008
0.0585
0.05718
0.05602
0.05496
0.04386
0.04352
0.04317
0.04282
0.04248
0.04213
0.04178
0.04142
0.04105
0.04069
0.04032
0.03994
0.03956
0.03917
0.03879
0.0384
0.038
0.03759
0.03718
0.03678
0.03636
0.03594
0.03552
0.0351
0.03469
0.03427
0.03385
0.03344
0.03305
0.03269
0.03239
0.03214
0.03198
0.03195
0.03202
0.0323
0.03279
0.03335
0.03367
0.0337
0.03358
0.03337
0.03311
0.03283
0.03251
0.03217
0.0256
0.02537
0.02514
0.02492
0.02468
0.02445
0.02421
0.02396
0.02371
0.02344
0.02317
0.02288
0.02255
0.02218
0.02172
0.01234
0.01226
0.01219
0.01212
0.01205
0.01198
0.01192
0.01185
0.01179
0.01174
0.01169
0.01164
0.01158
0.01153
0.01147
0.01142
0.01137
0.01133
0.01128
0.01124
0.0112
0.01117
0.01112
0.01108
0.01104
0.011
0.01097
0.01093
0.0109
0.01087
0.01085
0.01082
0.01079
0.01075
0.01072
0.01069
0.01067
0.01064
0.01061
0.01059
0.01056
0.01054
0.01051
0.01048
0.01044
0.01038
0.01034
0.01027
0.01018
0.01008
0.01003
0.00998
0.00994
0.00992
0.00991
0.00988
0.00986
0.00984
0.00982
0.00981
0.0098
0.00979
0.00977
0.00975
0.00974
0.00973
0.00973
0.00972
0.00972
0.00972
0.00971
0.00969
0.00967
0.00966
0.00965
0.00965
0.00965
0.00965
0.00965
0.00964
0.00964
0.00962
0.00961
0.0096
0.00958
0.00956
0.00951
0.0095
0.00948
0.00948
0.00946
0.00945
0.00944
0.00942
0.00941
0.00941
0.00938
0.00937
0.00935
0.00932
0.00931
0.00928
0.00927
0.00925
0.00924
0.00923
0.00922
0.0092
0.0092
0.00917
0.00915
0.00913
0.00911
0.00909
0.00907
0.00906
0.00905
0.00904
0.00904
0.00904
0.00904
0.00905
0.00903
0.00903
0.00902
0.00902
0.00902
0.00902
0.00902
0.00902
0.00902
0.00903
0.00904
0.00903
0.00902
0.00901
0.00901
0.00901
0.00901
0.00901
0.009
0.009
0.009
0.00899
0.00896
0.00887
0.00879
0.00865
0.00869
0.00872
0.00875
0.00879
0.00883
0.00887
0.00889
0.00891
0.00894
0.00896
0.00899
0.00903
0.00907
0.00911
0.00915
0.00919
0.00923
0.00925
0.00928
0.00931
0.00934
0.00937
0.00941
0.00945
0.00949
0.00954
0.00959
0.00962
0.00965
0.00968
0.00971
0.00975
0.00979
0.00983
0.00987
0.00992
0.00998
0.01002
0.01005
0.01008
0.01011
0.01015
0.01019
0.01024
0.01029
0.01034
0.0104
0.01046
0.01049
0.01052
0.01056
0.0106
0.01064
0.01069
0.01075
0.01081
0.01087
0.01093
0.01096
0.011
0.01104
0.01109
0.01115
0.01121
0.01128
0.01135
0.0114
0.01144
0.01149
0.01154
0.01159
0.01166
0.01173
0.01181
0.01188
0.01193
0.01198
0.01204
0.01213
0.01224
0.01235
0.01241
0.0125
0.0126
0.01273
0.01283
0.01293
0.01307
0.01335
0.0135
0.01383
0.01403
0.01423
0.01443
0.01467
0.01489
0.01516
0.01543
0.01575
0.01607
0.01642
0.01683
0.01723
0.01769
0.01816
0.01868
0.01923
0.01978
0.02032
0.02085
0.02124
0.02158
0.02192
0.02211
0.02228
0.02246
0.02264
0.02281
0.02298
0.02316
0.02333
0.0235
0.02368
0.02386
0.02405
0.02423
0.02442
0.02462
0.0248
0.02499
0.02519
0.02538
0.02558
0.02578
0.02598
0.02618
0.02639
0.0266
0.02681
0.02701
0.02722
0.02744
0.02765
0.02786
0.02809
0.02831
0.02855
0.02879
0.02903
0.02926
0.02951
0.02975
0.03
0.03025
0.03051
0.03077
0.03104
0.03132
0.03159
0.03186
0.03214
0.03242
0.03271
0.03302
0.03332
0.03363
0.03395
0.03426
0.03458
0.0349
0.03523
0.03558
0.03593
0.03629
0.03665
0.03701
0.03737
0.03774
0.03813
0.03853
0.03893
0.03935
0.03976
0.04017
0.0406
0.04103
0.04149
0.04196
0.04243
0.04274
0.04294
0.04096
0.04147
0.04199
0.04251
0.04302
0.04353
0.04406
0.0446
0.04516
0.04571
0.04626
0.04681
0.04737
0.04795
0.04854
0.04912
0.04972
0.0503
0.0509
0.05153
0.05215
0.05277
0.0534
0.05401
0.05464
0.05528
0.05594
0.0566
0.05723
0.05788
0.05853
0.0592
0.05988
0.06055
0.06123
0.06189
0.06254
0.06321
0.06389
0.06458
0.06525
0.06593
0.06659
0.06725
0.0679
0.06856
0.06922
0.0699
0.07056
0.07121
0.07184
0.07247
0.0731
0.07372
0.07433
0.07495
0.07556
0.07618
0.0768
0.07742
0.07803
0.07863
0.07923
0.07983
0.08042
0.08101
0.0816
0.08219
0.08279
0.08338
0.08399
0.0846
0.08522
0.08585
0.0865
0.08716
0.08783
0.08853
0.08925
0.09
0.09076
0.09156
0.09239
0.09324
0.09414
0.09508
0.09608
0.09716
0.09847
];
Trial>> xca=["1.000317239	"
"0.980976668	"
"0.96156744	"
"0.942091781	"
"0.922551787	"
"0.902949435	"
0.883286596
"0.863565042	"
0.843786464
0.823952478
0.804064644
"0.78412447	"
0.764133432
"0.744092983	"
0.724004571
"0.703869645	"
"0.683689676	"
"0.66346617	"
0.643200681
"0.622894826	"
"0.602550306	"
0.582168915
0.561752567
0.541303303
0.520823322
0.500314992
"0.479780878	"
0.459223767
"0.438646688	"
"0.41805295	"
"0.397446167	"
0.376830304
"0.356209715	"
0.335589196
"0.314974049	"
"0.294370159	"
"0.273784085	"
"0.253223186	"
0.232695779
"0.212211351	"
"0.191780857	"
"0.171417145	"
"0.151135581	"
0.130955029
"0.110899461	"
"0.091000793	"
"0.071304379	"
"0.051881111	"
"0.032859928	"
"0.014552984	"
0
"0.025447016	"
"0.047140072	"
0.068118889
0.088695621
"0.108999207	"
0.129100539
0.149044971
0.168864419
0.188582855
0.208219143
0.227788649
0.247304221
0.266776814
0.286215915
"0.305629841	"
0.325025951
0.344410804
"0.363790285	"
0.383169696
0.402553833
0.42194705
"0.441353312	"
0.460776233
0.480219122
0.499685008
0.519176678
0.538696697
0.558247433
0.577831085
0.597449694
0.617105174
0.636799319
"0.65653383	"
"0.676310324	"
"0.696130355	"
"0.715995429	"
"0.735907017	"
"0.755866568	"
"0.77587553	"
0.795935356
0.816047522
0.836213536
0.856434958
0.876713404
"0.897050565	"
"0.917448213	"
0.937908219
"0.95843256	"
0.979023332
"0.999682761	"
xca=[1.000317239
0.980976668
0.96156744	
0.942091781
0.922551787
0.902949435
0.883286596
0.863565042
0.843786464
0.823952478
0.804064644
0.78412447	
0.764133432
0.744092983
0.724004571
0.703869645
0.683689676
0.66346617	
0.643200681
0.622894826
0.602550306
0.582168915
0.561752567
0.541303303
0.520823322
0.500314992
0.479780878
0.459223767
0.438646688
0.41805295	
0.397446167
0.376830304
0.356209715
0.335589196
0.314974049
0.294370159
0.273784085
0.253223186
0.232695779
0.212211351
0.191780857
0.171417145
0.151135581
0.130955029
0.110899461
0.091000793
0.071304379
0.051881111
0.032859928
0.014552984
0
0.025447016
0.047140072
0.068118889
0.088695621
0.108999207
0.129100539
0.149044971
0.168864419
0.188582855
0.208219143
0.227788649
0.247304221
0.266776814
0.286215915
0.305629841
0.325025951
0.344410804
0.363790285
0.383169696
0.402553833
0.42194705
0.441353312
0.460776233
0.480219122
0.499685008
0.519176678
0.538696697
0.558247433
0.577831085
0.597449694
0.617105174
0.636799319
0.65653383
0.676310324
0.696130355
0.715995429
0.735907017
0.755866568
0.77587553	
0.795935356
0.816047522
0.836213536
0.856434958
0.876713404
0.897050565
0.917448213
0.937908219
0.95843256
0.979023332
0.99968276];
 xca=[1.000317239
    ?
Error: The expression to the left of the equals
sign is not a valid target for an assignment.
 
Trial>> xca=[1.000317239
0.980976668
0.96156744	
0.942091781
0.922551787
0.902949435
0.883286596
0.863565042
0.843786464
0.823952478
0.804064644
0.78412447	
0.764133432
0.744092983
0.724004571
0.703869645
0.683689676
0.66346617	
0.643200681
0.622894826
0.602550306
0.582168915
0.561752567
0.541303303
0.520823322
0.500314992
0.479780878
0.459223767
0.438646688
0.41805295	
0.397446167
0.376830304
0.356209715
0.335589196
0.314974049
0.294370159
0.273784085
0.253223186
0.232695779
0.212211351
0.191780857
0.171417145
0.151135581
0.130955029
0.110899461
0.091000793
0.071304379
0.051881111
0.032859928
0.014552984
0
0.025447016
0.047140072
0.068118889
0.088695621
0.108999207
0.129100539
0.149044971
0.168864419
0.188582855
0.208219143
0.227788649
0.247304221
0.266776814
0.286215915
0.305629841
0.325025951
0.344410804
0.363790285
0.383169696
0.402553833
0.42194705
0.441353312
0.460776233
0.480219122
0.499685008
0.519176678
0.538696697
0.558247433
0.577831085
0.597449694
0.617105174
0.636799319
0.65653383
0.676310324
0.696130355
0.715995429
0.735907017
0.755866568
0.77587553	
0.795935356
0.816047522
0.836213536
0.856434958
0.876713404
0.897050565
0.917448213
0.937908219
0.95843256
0.979023332
0.99968276];
 xca=[1.000317239
    ?
Error: The expression to the left of the equals
sign is not a valid target for an assignment.
 
     ?
     ?
Error: The input character is not valid in
MATLAB statements or expressions.
 
Trial>> xca=[1.000317239
0.980976668
0.96156744	
0.942091781
0.922551787
0.902949435
0.883286596
0.863565042
0.843786464
0.823952478
0.804064644
0.78412447	
0.764133432
0.744092983
0.724004571
0.703869645
0.683689676
0.66346617	
0.643200681
0.622894826
0.602550306
0.582168915
0.561752567
0.541303303
0.520823322
0.500314992
0.479780878
0.459223767
0.438646688
0.41805295	
0.397446167
0.376830304
0.356209715
0.335589196
0.314974049
0.294370159
0.273784085
0.253223186
0.232695779
0.212211351
0.191780857
0.171417145
0.151135581
0.130955029
0.110899461
0.091000793
0.071304379
0.051881111
0.032859928
0.014552984
0
0.025447016
0.047140072
0.068118889
0.088695621
0.108999207
0.129100539
0.149044971
0.168864419
0.188582855
0.208219143
0.227788649
0.247304221
0.266776814
0.286215915
0.305629841
0.325025951
0.344410804
0.363790285
0.383169696
0.402553833
0.42194705
0.441353312
0.460776233
0.480219122
0.499685008
0.519176678
0.538696697
0.558247433
0.577831085
0.597449694
0.617105174
0.636799319
0.65653383
0.676310324
0.696130355
0.715995429
0.735907017
0.755866568
0.77587553	
0.795935356
0.816047522
0.836213536
0.856434958
0.876713404
0.897050565
0.917448213
0.937908219
0.95843256
0.979023332
0.99968276];
Trial>> yca=[-0.002443417
0.004969221
0.012156491
0.019121167
0.025865687
0.032392142
0.038702276
0.044797478
0.050678771
0.05634681
0.061801874
0.067043856
0.072072256
0.076886175
0.0814843
0.085864899
0.090025809
0.09396442
0.097677665
0.101162004
0.104413405
0.107427324
0.110198684
0.112721847
0.114990582
0.116998029
0.118736658
0.120198214
0.121373656
0.122253084
0.122825643
0.123079414
0.123001269
0.122576696
0.121789572
0.120621868
0.119053271
0.11706067
0.114617467
0.111692611
0.108249235
0.10424265
0.099617292
0.09430188
0.088201301
0.081182023
0.073043361
0.063453042
0.051770932
0.036356871
0
"-0.029609991	"
"-0.038559412	"
"-0.044059122	"
"-0.047749281	"
"-0.050270023	"
"-0.051953621	"
"-0.05300076	"
"-0.053544972	"
"-0.05368137	"
"-0.053481235	"
"-0.053000131	"
"-0.052282747	"
"-0.05136595	"
"-0.050280791	"
"-0.049053868	"
"-0.047708292	"
-0.046264376
"-0.044740149	"
"-0.043151734	"
"-0.041513643	"
"-0.039839004	"
"-0.038139736	"
"-0.036426694	"
"-0.034709778	"
"-0.032998029	"
"-0.031299702	"
"-0.029622327	"
"-0.027972764	"
"-0.026357244	"
"-0.024781405	"
"-0.023250324	"
"-0.021768545	"
"-0.0203401	"
"-0.018968529	"
"-0.017656899	"
"-0.01640782	"
"-0.015223455	"
"-0.014105536	"
"-0.013055376	"
"-0.012073874	"
"-0.01116153	"
"-0.010318451	"
"-0.009544358	"
"-0.008838596	"
"-0.008200142	"
"-0.007627607	"
"-0.007119247	"
"-0.006672971	"
"-0.006286341	"
-0.005956583
yca=[-0.002443417
0.004969221
0.012156491
0.019121167
0.025865687
0.032392142
0.038702276
0.044797478
0.050678771
0.05634681
0.061801874
0.067043856
0.072072256
0.076886175
0.0814843
0.085864899
0.090025809
0.09396442
0.097677665
0.101162004
0.104413405
0.107427324
0.110198684
0.112721847
0.114990582
0.116998029
0.118736658
0.120198214
0.121373656
0.122253084
0.122825643
0.123079414
0.123001269
0.122576696
0.121789572
0.120621868
0.119053271
0.11706067
0.114617467
0.111692611
0.108249235
0.10424265
0.099617292
0.09430188
0.088201301
0.081182023
0.073043361
0.063453042
0.051770932
0.036356871
0
-0.029609991
-0.038559412
-0.044059122
-0.047749281
-0.050270023
-0.051953621
-0.05300076
-0.053544972
-0.05368137
-0.053481235
-0.053000131
-0.052282747
-0.05136595
-0.050280791
-0.049053868
-0.047708292
-0.046264376
-0.044740149
-0.043151734
-0.041513643
-0.039839004
-0.038139736
-0.036426694
-0.034709778
-0.032998029
-0.031299702
-0.029622327
-0.027972764
-0.026357244
-0.024781405
-0.023250324
-0.021768545
-0.0203401
-0.018968529
-0.017656899
-0.01640782
-0.015223455
-0.014105536
-0.013055376
-0.01207387
-0.01116153
-0.010318451
-0.009544358
-0.008838596
-0.008200142
-0.007627607
-0.007119247
-0.006672971
-0.006286341
-0.005956583];
 yca=[-0.002443417
    ?
Error: The expression to the left of the equals
sign is not a valid target for an assignment.
 
Trial>> yca=[-0.002443417
0.004969221
0.012156491
0.019121167
0.025865687
0.032392142
0.038702276
0.044797478
0.050678771
0.05634681
0.061801874
0.067043856
0.072072256
0.076886175
0.0814843
0.085864899
0.090025809
0.09396442
0.097677665
0.101162004
0.104413405
0.107427324
0.110198684
0.112721847
0.114990582
0.116998029
0.118736658
0.120198214
0.121373656
0.122253084
0.122825643
0.123079414
0.123001269
0.122576696
0.121789572
0.120621868
0.119053271
0.11706067
0.114617467
0.111692611
0.108249235
0.10424265
0.099617292
0.09430188
0.088201301
0.081182023
0.073043361
0.063453042
0.051770932
0.036356871
0
-0.029609991
-0.038559412
-0.044059122
-0.047749281
-0.050270023
-0.051953621
-0.05300076
-0.053544972
-0.05368137
-0.053481235
-0.053000131
-0.052282747
-0.05136595
-0.050280791
-0.049053868
-0.047708292
-0.046264376
-0.044740149
-0.043151734
-0.041513643
-0.039839004
-0.038139736
-0.036426694
-0.034709778
-0.032998029
-0.031299702
-0.029622327
-0.027972764
-0.026357244
-0.024781405
-0.023250324
-0.021768545
-0.0203401
-0.018968529
-0.017656899
-0.01640782
-0.015223455
-0.014105536
-0.013055376
-0.01207387
-0.01116153
-0.010318451
-0.009544358
-0.008838596
-0.008200142
-0.007627607
-0.007119247
-0.006672971
-0.006286341
-0.005956583];
Trial>> alfaca=[-10
-9.95
-9.9
-9.85
-9.8
-9.75
-9.7
-9.65
-9.6
-9.55
-9.5
-9.45
-9.4
-9.35
-9.3
-9.25
-9.2
-9.15
-9.1
-9.05
-9
-8.95
-8.8
-8.75
-8.7
-8.65
-8.6
-8.55
-8.5
-8.45
-8.4
-8.35
-8.3
-8.25
-8.2
-8.15
-8.1
-8.05
-8
-7.95
-7.9
-7.85
-7.8
-7.75
-7.7
-7.65
-7.6
-7.55
-7.5
-7.45
-7.4
-7.35
-7.3
-7.25
-7.2
-7.15
-7.1
-7.05
-7
-6.95
-6.9
-6.85
-6.8
-6.75
-6.7
-6.65
-6.6
-6.55
-6.5
-6.45
-6.4
-6.35
-6.3
-6.25
-6.2
-6.15
-6.1
-6.05
-6
-5.95
-5.9
-5.85
-5.8
-5.75
-5.7
-5.65
-5.6
-5.55
-5.5
-5.45
-5.4
-5.35
-5.3
-5.25
-5.2
-5.15
-5.1
-5.05
-5
-4.95
-4.9
-4.85
-4.8
-4.75
-4.7
-4.65
-4.6
-4.55
-4.5
-4.45
-4.4
-4.35
-4.3
-4.25
-4.2
-4.15
-4.1
-4.05
-4
-3.95
-3.7
-3.65
-3.6
-3.55
-3.5
-3.45
-3.4
-3.35
-3.3
-3.25
-3.2
-3.15
-3.1
-3
-2.95
-2.9
-2.85
-2.8
-2.75
-2.7
-2.65
-2.6
-2.55
-2.5
-2.45
-2.4
-2.35
-2.3
-2.25
-2.2
-2.15
-2.1
-2.05
-1.95
-1.9
-1.85
-1.8
-1.75
-1.65
-1.6
-1.55
-1.5
-1.45
-1.4
-1.35
-1.3
-1.25
-1.2
-1.15
-1.1
-1.05
-1
-0.95
-0.9
-0.85
-0.8
-0.7
-0.65
-0.6
-0.55
-0.5
-0.45
-0.4
-0.35
-0.3
-0.25
-0.2
-0.1
-0.05
0
0.05
0.1
0.15
0.2
0.25
0.3
0.35
0.45
0.5
0.55
0.6
0.65
0.7
0.75
0.8
0.85
0.9
0.95
1
1.05
1.1
1.15
1.2
1.25
1.3
1.35
1.4
1.45
1.5
1.55
1.6
1.65
1.7
1.75
1.8
1.85
1.9
1.95
2
2.05
2.1
2.15
2.2
2.25
2.3
2.35
2.4
2.45
2.5
2.55
2.6
2.65
2.7
2.75
2.8
2.85
2.9
2.95
3
3.05
3.1
3.15
3.2
3.25
3.3
3.35
3.4
3.5
3.55
3.6
3.65
3.7
3.75
3.8
3.85
3.9
3.95
4
4.05
4.1
4.15
4.2
4.25
4.3
4.35
4.4
4.45
4.5
4.55
4.6
4.65
4.7
4.75
4.8
4.85
4.9
4.95
5
5.05
5.1
5.15
5.2
5.25
5.3
5.35
5.4
5.45
5.5
5.55
5.6
5.65
5.7
5.75
5.8
5.85
5.9
5.95
6
6.05
6.1
6.15
6.2
6.25
6.3
6.35
6.4
6.45
6.5
6.55
6.6
6.65
6.7
6.75
6.8
6.85
6.9
6.95
7
7.05
7.1
7.15
7.2
7.25
7.3
7.35
7.4
7.45
7.5
7.55
7.6
7.65
7.7
7.75
7.8
7.85
7.9
7.95
8
8.05
8.1
8.15
8.2
8.25
8.3
8.35
8.4
8.45
8.5
8.55
8.6
8.65
8.7
8.75
8.8
8.85
8.9
8.95
9
9.05
9.1
9.15
9.2
9.25
9.3
9.35
9.4
9.45
9.5
9.55
9.6
9.65
9.7
9.75
9.8
9.85
9.9
9.95
10
10.05
10.1
10.15
10.2
10.25
10.3
10.35
10.4
10.45
10.5
10.55
10.6
10.65
10.7
10.75
10.8
10.85
10.9
10.95
11
11.05
11.1
11.15
11.2
11.25
11.3
11.35
11.4
11.45
11.5
11.55
11.6
11.65
11.7
11.75
11.8
11.85
11.9
11.95
12
12.05
12.1
12.15
12.2
12.25
12.3
12.35
12.4
12.45
12.5
12.55
12.6
12.65
12.7
12.75
12.8
12.85
12.9
12.95
13
13.05
13.1
13.15
13.2
13.25
13.3
13.35
13.4
13.45
13.5
13.55
13.6
13.65
13.7
13.75
13.8
13.85
13.9
13.95
14
14.05
14.1
14.15
14.2
14.25
14.3
14.35
14.4
14.45
14.55
14.6
14.65
14.7
14.75
14.8
14.85
14.9
14.95
15
15.05
15.1
15.15
15.2
15.25
15.3
15.35
15.4
15.45
15.5
15.55
15.6
15.65
15.7
15.75
15.8
15.85
15.9
15.95
16
16.05
16.1
16.15
16.2
16.25
16.3
16.35
16.4
16.45
16.5
16.55
16.6
16.65
16.7
16.75
16.8
16.85
16.9
16.95
17
17.05
17.1
17.15
17.2
17.25
17.3
17.35
17.4
17.45
17.5
17.55
17.6
17.65
17.7
17.75
17.8
17.85
17.9
17.95
18
18.05
18.1
18.15
18.2
18.25
18.3
18.35
18.4
18.45
18.5
18.55
18.6
18.65
18.7
18.75
18.8
18.85
18.9
18.95
19
19.05
19.1
19.15
19.2
19.25
19.3
19.35
19.4
19.45
19.5
19.55
19.6
19.65
19.7
19.75
19.8
19.85
19.9
19.95
20
20.05
20.1
20.15
20.2
20.25
20.3
20.35
20.4
20.45
20.5
20.55
20.6
20.65
20.7
20.75
20.8
20.85
20.9
20.95
21
21.05
21.1
21.15
21.2
21.25
21.3
21.35
21.4
21.45
21.5
21.55
21.6
21.65
21.7
21.75
21.8
21.85
21.9
21.95
22
22.05
22.1
22.15
22.2
22.25
22.3
22.35
22.4
22.45
22.5
22.55
22.6
22.65
22.7
22.75
22.8
22.85
22.9
22.95
23
23.05
23.1
23.15
23.2
23.25
23.3
23.35
23.4
23.45
23.5
23.55
23.6
23.65
23.7
23.75
23.8
23.85
23.9
23.95
24
24.05
24.1
24.15
24.2
24.25
24.3
24.35
24.4
24.45
24.5
24.55
24.6
24.65
24.7
24.75
24.8
24.85
24.9
24.95
25
25.05
25.1
25.15
25.2
25.25
25.3
25.35
25.4
25.45
25.5
25.55
25.6
25.65
25.7
25.75
25.8
25.85
25.9
25.95
26
26.05
26.1
26.15
26.2
26.25
26.3
26.35
26.4
26.45
26.5
26.55
26.6
26.65
26.7
26.75
26.8
26.85
];
Trial>> clca=[-0.3491
-0.3448
-0.3409
-0.3371
-0.3358
-0.3352
-0.3337
-0.3319
-0.3297
-0.3272
-0.3248
-0.3222
-0.3194
-0.3167
-0.314
-0.3114
-0.3089
-0.3072
-0.0151
-0.0176
-0.021
-0.0266
-0.3337
-0.3283
-0.3228
-0.3173
-0.3116
-0.306
-0.3004
-0.2948
-0.2892
-0.2837
-0.2783
-0.273
-0.2677
-0.2622
-0.258
-0.2541
-0.25
-0.2457
-0.2412
-0.2366
-0.2319
-0.227
-0.222
-0.217
-0.2118
-0.2066
-0.2014
-0.1961
-0.1908
-0.1854
-0.18
-0.1745
-0.1688
-0.1632
-0.1579
-0.1536
-0.1491
-0.1445
-0.1398
-0.1349
-0.1299
-0.1249
-0.1197
-0.1144
-0.1091
-0.1038
-0.0984
-0.0929
-0.0874
-0.0817
-0.076
-0.0702
-0.0644
-0.0588
-0.0542
-0.0494
-0.0446
-0.0396
-0.0344
-0.0293
-0.024
-0.0186
-0.0132
-0.0078
-0.0023
0.0033
0.009
0.0148
0.0206
0.0266
0.0325
0.0381
0.0429
0.0479
0.053
0.0581
0.0634
0.0687
0.0741
0.0795
0.085
0.0906
0.0963
0.102
0.1079
0.1137
0.1197
0.1257
0.131
0.136
0.1411
0.1463
0.1515
0.1568
0.1622
0.1676
0.1731
0.1786
0.2045
0.2104
0.2154
0.2204
0.2255
0.2307
0.236
0.2414
0.2467
0.2521
0.2576
0.2632
0.2689
0.2805
0.2864
0.2923
0.2972
0.3023
0.3074
0.3126
0.3178
0.3231
0.3285
0.334
0.3396
0.3453
0.3511
0.3559
0.3608
0.3658
0.3709
0.3761
0.3814
0.3922
0.3976
0.4024
0.4074
0.4125
0.4227
0.4279
0.4332
0.4384
0.4434
0.4485
0.4535
0.4586
0.4637
0.4689
0.4741
0.4793
0.4844
0.4895
0.4946
0.4998
0.5049
0.5101
0.5205
0.5257
0.531
0.5362
0.5415
0.5467
0.5519
0.557
0.5621
0.5673
0.5724
0.5827
0.5879
0.5931
0.5983
0.6034
0.6085
0.6135
0.6186
0.6236
0.6286
0.6389
0.644
0.6491
0.6542
0.6585
0.6634
0.6682
0.6732
0.6784
0.6836
0.6887
0.6937
0.6987
0.7037
0.7086
0.7134
0.7182
0.7232
0.7284
0.7334
0.7385
0.7435
0.7484
0.7532
0.758
0.7627
0.7673
0.7723
0.7773
0.7824
0.7873
0.7922
0.797
0.8016
0.8062
0.8108
0.8152
0.8202
0.8252
0.83
0.8348
0.8395
0.844
0.8485
0.8528
0.857
0.8617
0.8665
0.8711
0.8756
0.88
0.8842
0.8881
0.892
0.8956
0.8997
0.9035
0.9069
0.9096
0.9123
0.9303
0.9343
0.9387
0.9434
0.9479
0.9522
0.9564
0.9602
0.9638
0.9671
0.971
0.9753
0.9795
0.9834
0.9872
0.9908
0.9942
0.9974
1.0016
1.0059
1.01
1.0139
1.0175
1.021
1.0243
1.028
1.0323
1.0364
1.0403
1.0439
1.0473
1.0505
1.0539
1.0582
1.0622
1.066
1.0695
1.0729
1.0761
1.0797
1.0839
1.0878
1.0915
1.0949
1.098
1.101
1.1051
1.109
1.1126
1.1159
1.1189
1.1218
1.1255
1.1294
1.133
1.1363
1.1394
1.1421
1.1455
1.1492
1.1527
1.1558
1.1585
1.1609
1.1645
1.168
1.1712
1.1741
1.1768
1.1795
1.1832
1.1867
1.1901
1.1931
1.1957
1.1983
1.2017
1.2051
1.2082
1.211
1.2134
1.2157
1.2189
1.222
1.2249
1.2274
1.2294
1.2317
1.2343
1.2367
1.2384
1.2401
1.2429
1.2455
1.2478
1.2494
1.251
1.2535
1.2557
1.2571
1.2579
1.2599
1.2612
1.262
1.2624
1.2631
1.2621
1.2617
1.2596
1.2567
1.2531
1.2489
1.2455
1.2405
1.242
1.2437
1.2455
1.2474
1.2495
1.2515
1.2537
1.2559
1.2582
1.2605
1.2628
1.265
1.2672
1.2694
1.2715
1.2737
1.2758
1.2781
1.2803
1.2827
1.2849
1.2871
1.2892
1.2913
1.2934
1.2954
1.2976
1.2996
1.3018
1.3038
1.3059
1.3079
1.3098
1.3117
1.3135
1.3154
1.3173
1.3191
1.321
1.3227
1.3245
1.3261
1.3277
1.3293
1.3309
1.3325
1.3341
1.3357
1.3372
1.3386
1.3399
1.3413
1.3426
1.3438
1.3452
1.3465
1.3478
1.3491
1.3502
1.3513
1.3524
1.3535
1.3546
1.3558
1.3568
1.3579
1.3588
1.3597
1.3605
1.3614
1.3624
1.3634
1.3643
1.3651
1.3658
1.3664
1.3671
1.3679
1.3686
1.3694
1.3701
1.3707
1.3712
1.3716
1.3721
1.3727
1.3733
1.3738
1.3745
1.3749
1.3752
1.3755
1.3759
1.3763
1.3768
1.3773
1.3777
1.3781
1.3785
1.3787
1.379
1.3795
1.3799
1.3804
1.3807
1.3813
1.3744
1.3707
1.3675
1.3645
1.3617
1.3589
1.3562
1.4132
1.4198
1.425
1.4291
1.4328
1.4358
1.4387
1.4412
1.4436
1.4456
1.4474
1.449
1.4504
1.4518
1.4531
1.4543
1.4556
1.4568
1.458
1.4591
1.4601
1.4609
1.4615
1.4621
1.4628
1.4635
1.4642
1.4648
1.4655
1.4662
1.4666
1.4669
1.4672
1.4675
1.4678
1.4682
1.4687
1.469
1.4693
1.4695
1.4695
1.4694
1.4695
1.4695
1.4697
1.4698
1.4699
1.47
1.4699
1.4696
1.4693
1.4691
1.469
1.4689
1.4689
1.4689
1.4687
1.4683
1.4678
1.4673
1.467
1.4668
1.4666
1.4664
1.4662
1.4656
1.4649
1.4642
1.4637
1.4632
1.4628
1.4625
1.4621
1.4617
1.461
1.4601
1.4594
1.4588
1.4582
1.4577
1.4573
1.4568
1.4563
1.4554
1.4545
1.4537
1.453
1.4571
1.4568
1.4565
1.4562
1.456
1.4557
1.4552
1.4544
1.4536
1.453
1.4525
1.4521
1.4518
1.4514
1.4511
1.4507
1.45
1.4491
1.4484
1.4478
1.4472
1.4468
1.4463
1.4459
1.4455
1.4449
1.4442
1.4432
1.4424
1.4417
1.4411
1.4406
1.4401
1.4396
1.4393
1.4388
1.4379
1.437
1.4361
1.4353
1.4348
1.4342
1.4337
1.4333
1.4328
1.4324
1.4316
1.4305
1.4295
1.4288
1.4281
1.4276
1.427
1.4266
1.4261
1.4257
1.4249
1.4239
1.4228
1.4219
1.4212
1.4207
1.4201
1.4196
1.4191
1.4186
1.4181
1.4173
1.4162
1.4151
1.4144
1.4136
1.413
1.4125
1.412
1.4115
1.4109
1.4106
1.4098
1.4085
1.4074
1.4065
1.4057
1.405
1.4045
1.4039
1.4034
1.4029
1.4024
1.4018
1.401
1.3997
1.3985
1.3975
1.3967
1.3961
1.3959
1.3956
1.3953
1.395
1.3947
1.3945
1.3941
1.3938
1.393
1.3919
1.3911
1.3904
1.3898
1.3893
1.389
1.3886
1.3882
1.3878
1.3874
1.387
1.3866
1.3861
1.3851
1.3836
1.3823
1.3815
1.3806
1.3799
1.3792
1.3785
1.3779
1.3771
1.3764
1.3754
1.3745
1.3726
1.3701
1.3685
1.3669
1.3658
1.3645
1.3633
1.362
1.3605
1.3587
1.3565
1.3517
1.3488
1.3465
1.3441
1.3417
1.3386
1.3348
1.3247
1.3199
1.3152
1.3078
];
Trial>> cdca=[0.04082
0.04055
0.04025
0.03994
0.03968
0.03939
0.0391
0.03876
0.03842
0.03808
0.03769
0.0373
0.03691
0.03648
0.03604
0.03555
0.03505
0.03439
0.0419
0.04085
0.03967
0.03816
0.01879
0.01874
0.0187
0.01866
0.01861
0.01856
0.0185
0.01843
0.01834
0.01823
0.01809
0.0179
0.0177
0.01751
0.01735
0.01719
0.01704
0.01688
0.01673
0.01657
0.01642
0.01627
0.01612
0.01597
0.01582
0.01568
0.01554
0.0154
0.01527
0.01513
0.01501
0.01488
0.01476
0.01465
0.01454
0.01445
0.01435
0.01426
0.01416
0.01407
0.01397
0.01388
0.01378
0.01369
0.0136
0.01351
0.01342
0.01333
0.01324
0.01316
0.01307
0.013
0.01292
0.01285
0.01279
0.01273
0.01266
0.0126
0.01254
0.01247
0.01241
0.01235
0.01229
0.01222
0.01216
0.0121
0.01204
0.01198
0.01193
0.01188
0.01183
0.01179
0.01174
0.0117
0.01166
0.01161
0.01157
0.01152
0.01148
0.01144
0.01139
0.01135
0.01131
0.01127
0.01123
0.01119
0.01115
0.01112
0.01109
0.01105
0.01102
0.01098
0.01095
0.01091
0.01087
0.01083
0.01079
0.01075
0.01
0.00997
0.00994
0.00991
0.00987
0.00984
0.00982
0.0098
0.00978
0.00974
0.00971
0.00969
0.00967
0.00964
0.00962
0.00961
0.00959
0.00957
0.00956
0.00955
0.00952
0.0095
0.00948
0.00946
0.00945
0.00945
0.00945
0.00943
0.0094
0.00938
0.00936
0.00935
0.00934
0.00933
0.00932
0.0093
0.00928
0.00928
0.00926
0.00925
0.00925
0.00925
0.00924
0.00924
0.00923
0.00922
0.00922
0.00922
0.00923
0.00924
0.00923
0.00922
0.00921
0.00921
0.00921
0.00921
0.00922
0.00923
0.00922
0.00922
0.00922
0.00922
0.00922
0.00922
0.00922
0.00923
0.00925
0.00926
0.00925
0.00925
0.00925
0.00926
0.00926
0.00927
0.00928
0.00929
0.00931
0.00932
0.00932
0.00932
0.00933
0.00936
0.00938
0.00939
0.0094
0.0094
0.00941
0.00941
0.00941
0.00942
0.00944
0.00946
0.00947
0.00949
0.0095
0.0095
0.0095
0.00951
0.00951
0.00953
0.00954
0.00955
0.00958
0.0096
0.00961
0.00961
0.00962
0.00962
0.00963
0.00964
0.00966
0.00967
0.0097
0.00972
0.00972
0.00973
0.00973
0.00974
0.00975
0.00976
0.00978
0.0098
0.00982
0.00982
0.00982
0.00981
0.00982
0.00982
0.00983
0.00983
0.00984
0.00985
0.00983
0.00981
0.00978
0.00975
0.00973
0.00977
0.00982
0.00986
0.00989
0.00992
0.00997
0.01001
0.01006
0.01011
0.01017
0.01022
0.01025
0.01029
0.01034
0.01039
0.01045
0.01051
0.01058
0.01062
0.01066
0.01071
0.01076
0.01082
0.01089
0.01097
0.01103
0.01107
0.01113
0.01118
0.01125
0.01133
0.01141
0.01148
0.01153
0.01159
0.01166
0.01173
0.01182
0.01191
0.01198
0.01204
0.01211
0.01218
0.01227
0.01237
0.01247
0.01253
0.0126
0.01269
0.01277
0.01288
0.01299
0.01307
0.01314
0.01322
0.01332
0.01343
0.01355
0.01365
0.01373
0.01382
0.01393
0.01406
0.0142
0.01429
0.01439
0.0145
0.01462
0.01476
0.01489
0.01498
0.01508
0.01519
0.01531
0.01545
0.0156
0.0157
0.01581
0.01593
0.01607
0.01622
0.01639
0.0165
0.01663
0.01676
0.01692
0.0171
0.01727
0.01742
0.01759
0.01779
0.018
0.01815
0.0183
0.01848
0.0187
0.01892
0.01909
0.01927
0.01951
0.01978
0.01998
0.02022
0.0205
0.0208
0.02108
0.02147
0.02183
0.02229
0.02281
0.02339
0.024
0.02459
0.0253
0.02557
0.02582
0.02607
0.02631
0.02654
0.02678
0.02701
0.02723
0.02745
0.02767
0.02789
0.02811
0.02834
0.02857
0.0288
0.02903
0.02927
0.0295
0.02973
0.02995
0.03019
0.03042
0.03066
0.03092
0.03117
0.03142
0.03167
0.03193
0.03218
0.03243
0.03269
0.03296
0.03324
0.03352
0.0338
0.03409
0.03437
0.03466
0.03494
0.03524
0.03554
0.03585
0.03617
0.03648
0.0368
0.03712
0.03744
0.03776
0.03809
0.03843
0.03877
0.03912
0.03947
0.03983
0.04018
0.04054
0.04089
0.04126
0.04165
0.04204
0.04242
0.04281
0.0432
0.04359
0.04399
0.04439
0.04481
0.04523
0.04566
0.04608
0.0465
0.04692
0.04735
0.04779
0.04824
0.0487
0.04915
0.0496
0.05006
0.05051
0.05096
0.05143
0.05191
0.0524
0.05289
0.05336
0.05384
0.05431
0.05478
0.05528
0.0558
0.05631
0.05682
0.05732
0.05782
0.05831
0.05882
0.05932
0.05985
0.06038
0.0609
0.06142
0.06193
0.06244
0.06295
0.06344
0.06553
0.06649
0.06739
0.06826
0.06913
0.06998
0.07081
0.06527
0.06508
0.06507
0.06517
0.06532
0.06555
0.06579
0.06608
0.06639
0.06674
0.06711
0.06751
0.06793
0.06836
0.0688
0.06925
0.06969
0.07014
0.07059
0.07105
0.07153
0.07202
0.07255
0.07308
0.0736
0.07411
0.07463
0.07514
0.07565
0.07617
0.07672
0.0773
0.07788
0.07845
0.07903
0.07959
0.08015
0.08071
0.08129
0.08188
0.08251
0.08315
0.08377
0.08439
0.08499
0.0856
0.0862
0.08682
0.08748
0.08815
0.08883
0.08948
0.09014
0.09077
0.09141
0.09205
0.09271
0.09341
0.09413
0.09483
0.09551
0.09619
0.09685
0.09752
0.09818
0.09889
0.09963
0.10038
0.10109
0.1018
0.1025
0.10319
0.10388
0.10459
0.10534
0.10612
0.10689
0.10763
0.10836
0.10908
0.1098
0.11052
0.11126
0.11205
0.11285
0.11364
0.1144
0.11442
0.11512
0.11582
0.11651
0.11721
0.1179
0.11865
0.11944
0.12022
0.12099
0.12173
0.12245
0.12317
0.12388
0.12459
0.12531
0.1261
0.12691
0.1277
0.12847
0.12922
0.12996
0.13068
0.13141
0.13214
0.13289
0.13368
0.13452
0.13532
0.1361
0.13688
0.13763
0.13838
0.13913
0.13986
0.14062
0.14145
0.14229
0.14313
0.14394
0.14471
0.1455
0.14626
0.14702
0.14778
0.14854
0.14937
0.15026
0.15113
0.15195
0.15276
0.15355
0.15434
0.15511
0.15589
0.15667
0.1575
0.15838
0.1593
0.16016
0.161
0.1618
0.1626
0.16341
0.1642
0.16499
0.16579
0.16665
0.16758
0.16849
0.16935
0.1702
0.17104
0.17184
0.17265
0.17345
0.17427
0.17505
0.17592
0.17689
0.17783
0.1787
0.17956
0.18042
0.18122
0.18205
0.18285
0.18367
0.18448
0.18531
0.18618
0.18717
0.18815
0.18907
0.18996
0.19079
0.19158
0.19236
0.19315
0.19393
0.19472
0.19549
0.1963
0.19711
0.19801
0.19898
0.19992
0.20081
0.20168
0.20253
0.20334
0.20417
0.205
0.20583
0.20666
0.20749
0.20833
0.20919
0.21017
0.21128
0.21234
0.2133
0.21426
0.21518
0.2161
0.21703
0.21793
0.21887
0.21981
0.22081
0.22181
0.22305
0.22444
0.22564
0.22681
0.22786
0.22898
0.23008
0.23118
0.23237
0.23362
0.23499
0.23707
0.23869
0.24012
0.24158
0.24306
0.24474
0.24664
0.25044
0.25269
0.25495
0.25808
];
Trial>> xn=[1
0.98
0.96
0.94
0.92
0.9
0.88
0.86
0.84
0.82
0.8
0.78
0.76
0.74
0.72
0.7
0.68
0.66
0.64
0.62
0.6
0.58
0.56
0.54
0.52
0.5
0.48
0.46
0.44
0.42
0.4
0.38
0.36
0.34
0.32
0.3
0.28
0.26
0.24
0.22
0.2
0.18
0.16
0.14
0.12
0.1
0.08
0.06
0.04
0.02
0
0.02
0.04
0.06
0.08
0.1
0.12
0.14
0.16
0.18
0.2
0.22
0.24
0.26
0.28
0.3
0.32
0.34
0.36
0.38
0.4
0.42
0.44
0.46
0.48
0.5
0.52
0.54
0.56
0.58
0.6
0.62
0.64
0.66
0.68
0.7
0.72
0.74
0.76
0.78
0.8
0.82
0.84
0.86
0.88
0.9
0.92
0.94
0.96
0.98
1
];
Trial>> yn=[0.00062
0.006687
0.012837
0.019015
0.025174
0.031275
0.03728
0.04316
0.04889
0.054449
0.059819
0.064986
0.06994
0.074672
0.079176
0.083447
0.087482
0.091279
0.094837
0.098153
0.101229
0.104062
0.106651
0.108993
0.111086
0.112924
0.114503
0.115815
0.116851
0.117601
0.118052
0.118189
0.117997
0.117456
0.116546
0.115244
0.113526
0.111362
0.108725
0.10558
0.101893
0.097624
0.092727
0.08715
0.080825
0.073665
0.065536
0.056214
0.04524
0.031355
0
-0.02842
-0.03707
-0.04195
-0.04484
-0.04651
-0.04736
-0.04765
-0.04754
-0.04714
-0.04653
-0.04576
-0.04487
-0.04389
-0.04283
-0.0417
-0.04052
-0.03928
-0.03799
-0.03665
-0.03527
-0.03386
-0.0324
-0.03092
-0.02942
-0.0279
-0.02637
-0.02485
-0.02334
-0.02185
-0.02041
-0.01901
-0.01768
-0.01642
-0.01524
-0.01416
-0.01318
-0.0123
-0.01154
-0.01088
-0.01032
-0.00986
-0.00948
-0.00916
-0.00887
-0.00858
-0.00825
-0.00783
-0.00726
-0.00647
-0.00538
];
Trial>> alfan=[-9.8
-9.7
-9.6
-9.5
-9.4
-9.3
-9.2
-9.1
-9
-8.9
-8.8
-8.7
-8.6
-8.5
-8.4
-8.3
-8.2
-8.1
-8
-7.9
-7.8
-7.7
-7.6
-7.5
-7.4
-7.3
-7.2
-7.1
-7
-6.9
-6.8
-6.7
-6.6
-6.5
-6.4
-6.3
-6.2
-6.1
-6
-5.9
-5.8
-5.7
-5.6
-5.5
-5.4
-5.3
-5.2
-5.1
-5
-4.9
-4.8
-4
-3.9
-3.8
-3.7
-3.6
-3.5
-3.4
-3.3
-3.2
-3.1
-3
-2.9
-2.8
-2.7
-2.6
-2.5
-2.4
-2.3
-2.2
-2.1
-2
-1.9
-1.8
-1.7
-1.6
-1.5
-1.4
-1.3
-1.2
-1.1
-1
-0.9
-0.8
-0.7
-0.6
-0.5
-0.4
-0.3
-0.2
-0.1
0
0.1
0.2
0.3
0.4
0.5
0.6
0.7
0.8
0.9
1
1.1
1.2
1.4
1.5
1.6
1.7
1.8
1.9
2
2.1
2.2
2.3
2.4
2.5
2.6
2.7
2.8
2.9
3
3.1
3.2
3.3
3.4
3.5
3.6
3.7
3.8
3.9
4
4.1
4.2
4.3
4.4
4.5
4.6
4.7
4.8
5
5.1
5.2
5.3
5.4
5.5
5.6
5.7
5.8
5.9
6
6.1
6.2
6.3
6.4
6.5
6.6
6.7
6.8
6.9
7
7.1
7.2
7.3
7.4
7.5
7.6
7.7
7.8
7.9
8
8.1
8.2
8.3
8.4
8.5
8.6
8.7
8.8
8.9
9
9.1
9.2
9.3
9.4
9.5
9.6
9.7
9.8
9.9
10
10.1
10.2
10.3
10.4
10.5
10.6
10.7
10.8
10.9
11
11.1
11.2
11.3
11.4
11.5
11.6
11.7
11.8
11.9
12
12.1
12.2
12.3
12.4
12.5
12.6
12.7
12.8
12.9
13
13.1
13.2
13.3
13.4
13.5
13.6
13.7
13.8
13.9
14
14.1
14.2
14.3
14.4
14.5
14.6
14.7
14.8
14.9
15
15.1
15.2
15.3
15.4
15.5
15.6
15.7
15.8
15.9
16
16.1
16.2
16.3
16.4
16.5
16.6
16.7
16.8
];
Trial>> cln=[-0.4432
-0.4321
-0.4208
-0.4092
-0.3974
-0.3854
-0.3732
-0.361
-0.3488
-0.3366
-0.3246
-0.3136
-0.3058
-0.2974
-0.2886
-0.2794
-0.2699
-0.26
-0.25
-0.2397
-0.2292
-0.2186
-0.2078
-0.1969
-0.1859
-0.1748
-0.1638
-0.1527
-0.1421
-0.1319
-0.1216
-0.1111
-0.1004
-0.0896
-0.0787
-0.0676
-0.0564
-0.0451
-0.0337
-0.0222
-0.0106
0.001
0.0126
0.0243
0.035
0.0456
0.0563
0.0673
0.0784
0.0896
0.1011
0.1875
0.1983
0.2095
0.2209
0.2326
0.2446
0.2568
0.267
0.2775
0.2885
0.2996
0.3113
0.3233
0.3337
0.3442
0.355
0.3662
0.3776
0.3893
0.3999
0.4107
0.4216
0.4328
0.4439
0.4552
0.4665
0.4776
0.4884
0.4992
0.51
0.5209
0.532
0.543
0.5538
0.5644
0.5751
0.5858
0.5964
0.6071
0.6177
0.6281
0.5827
0.592
0.6008
0.6097
0.6174
0.6261
0.6351
0.6439
0.6526
0.6606
0.6692
0.6774
0.6939
0.7015
0.7089
0.7158
0.7235
0.7301
0.7363
0.7416
0.7463
0.7532
0.7599
0.7668
0.7725
0.7791
0.7853
0.7925
0.7992
0.8059
0.8116
0.8169
0.8232
0.8298
0.8361
0.8412
0.8471
0.8518
0.8585
0.8643
0.869
0.8744
0.8779
0.8828
0.8883
0.893
0.8992
0.9153
0.9225
0.9304
0.9378
0.9444
0.9506
0.9561
0.9634
0.9707
0.9774
0.9837
0.9902
0.9955
1.0024
1.0095
1.0155
1.0222
1.0272
1.0328
1.0399
1.0465
1.0525
1.0585
1.0638
1.0687
1.0752
1.0821
1.0877
1.093
1.097
1.1015
1.1083
1.1145
1.1197
1.124
1.1273
1.1328
1.1381
1.1435
1.1472
1.1497
1.1554
1.1581
1.1576
1.1608
1.1612
1.1623
1.1598
1.1606
1.1572
1.1524
1.1492
1.1454
1.1404
1.1315
1.1212
1.1153
1.0997
1.0911
1.0808
1.0767
1.0702
1.0691
1.0689
1.0693
1.0694
1.0701
1.0703
1.0708
1.0707
1.0712
1.0711
1.0706
1.0701
1.0691
1.0683
1.0666
1.0655
1.0645
1.0637
1.0619
1.0602
1.0587
1.0563
1.0532
1.0507
1.0481
1.0449
1.0413
1.0359
1.026
1.019
1.0139
1.009
1.0045
1.0012
0.9978
0.9939
0.9908
0.9879
0.9848
0.9816
0.9789
0.9763
0.974
0.971
0.9685
0.9663
0.9645
0.9618
0.9595
0.9577
0.9561
0.9546
0.9527
0.9507
0.949
0.9481
0.9498
];
Trial>> cdn=[0.01673
0.0167
0.01668
0.01669
0.01672
0.01677
0.01685
0.01693
0.01701
0.01711
0.01722
0.01725
0.01689
0.01661
0.01636
0.01614
0.01594
0.01575
0.01558
0.01541
0.01524
0.01508
0.01493
0.01479
0.01465
0.01452
0.0144
0.0143
0.01421
0.01411
0.01402
0.01392
0.01382
0.01372
0.01362
0.01351
0.01341
0.0133
0.0132
0.01311
0.01302
0.01292
0.01284
0.01277
0.0127
0.01263
0.01256
0.01249
0.01241
0.01233
0.01225
0.01045
0.01038
0.0103
0.01021
0.01013
0.01006
0.00999
0.00993
0.00988
0.00983
0.00976
0.0097
0.00966
0.00963
0.0096
0.00955
0.00952
0.00949
0.00948
0.00945
0.00943
0.00941
0.0094
0.00938
0.00936
0.00935
0.00935
0.00934
0.00933
0.00932
0.00931
0.00931
0.00931
0.0093
0.0093
0.0093
0.0093
0.0093
0.00931
0.00932
0.00931
0.00004
0.00004
0.00004
0.00004
0.00004
0.00004
0.00004
0.00004
0.00004
0.00004
0.00005
0.00005
0.00005
0.00005
0.00005
0.00005
0.00005
0.00005
0.00005
0.00005
0.00005
0.00006
0.00006
0.00006
0.00006
0.00007
0.00007
0.00007
0.00008
0.00008
0.00009
0.0001
0.0001
0.00011
0.00011
0.00012
0.00013
0.00014
0.00015
0.00016
0.00017
0.00018
0.00019
0.00021
0.00022
0.00023
0.00024
0.00028
0.0003
0.00032
0.00034
0.00036
0.0004
0.00043
0.00046
0.00049
0.00052
0.00056
0.0006
0.00065
0.00069
0.00073
0.00078
0.00083
0.0009
0.00097
0.00102
0.00108
0.00115
0.00123
0.00132
0.00142
0.0015
0.00158
0.00168
0.00179
0.00194
0.00208
0.00217
0.00228
0.00242
0.00258
0.00279
0.00295
0.00311
0.00328
0.00352
0.0038
0.00399
0.0043
0.00475
0.00507
0.00554
0.00599
0.00664
0.00715
0.00794
0.00888
0.00978
0.01078
0.01191
0.01342
0.01511
0.01646
0.0188
0.02058
0.02261
0.02407
0.02579
0.02693
0.02799
0.029
0.03005
0.03105
0.03212
0.03315
0.03424
0.03529
0.0364
0.03755
0.03868
0.03984
0.04097
0.04223
0.04341
0.04457
0.0457
0.04696
0.04817
0.04935
0.05057
0.05186
0.05307
0.05427
0.05553
0.05679
0.05801
0.05928
0.06044
0.06152
0.06263
0.06375
0.06478
0.06582
0.06693
0.06797
0.06899
0.07004
0.07112
0.07214
0.07314
0.07414
0.0752
0.07621
0.07718
0.07813
0.07917
0.08017
0.08112
0.08203
0.08294
0.08389
0.08485
0.08576
0.08659
0.08724
];
Trial>> x4=[1
0.99893
0.99572
0.99039
0.98296
0.97347
0.96194
0.94844
0.93301
0.91573
0.89668
0.87592
0.85355
0.82967
0.80438
0.77779
0.75
0.72114
0.69134
0.66072
0.62941
0.59755
0.56526
0.5327
0.5
0.4673
0.43474
0.40245
0.37059
0.33928
0.30866
0.27886
0.25
0.22221
0.19562
0.17033
0.14645
0.12408
0.10332
0.08427
0.06699
0.05156
0.03806
0.02653
0.01704
0.00961
0.00428
0.00107
0
0.00107
0.00428
0.00961
0.01704
0.02653
0.03806
0.05156
0.06699
0.08427
0.10332
0.12408
0.14645
0.17033
0.19562
0.22221
0.25
0.27886
0.30866
0.33928
0.37059
0.40245
0.43474
0.4673
0.5
0.5327
0.56526
0.59755
0.62941
0.66072
0.69134
0.72114
0.75
0.77779
0.80438
0.82967
0.85355
0.87592
0.89668
0.91573
0.93301
0.94844
0.96194
0.97347
0.98296
0.99039
0.99572
0.99893
1
];
Trial>> y4=[0
0.00039
0.00156
0.00349
0.0061
0.00932
0.01303
0.01716
0.02166
0.02652
0.03171
0.03717
0.04283
0.04863
0.05453
0.06048
0.06642
0.07227
0.07795
0.08341
0.08858
0.09341
0.09785
0.10185
0.10538
0.10837
0.11076
0.11248
0.11345
0.11361
0.11294
0.11141
0.10903
0.10584
0.1019
0.09726
0.09195
0.08607
0.0797
0.07283
0.06541
0.05753
0.04937
0.04118
0.03303
0.02489
0.01654
0.00825
0.00075
-0.00566
-0.01102
-0.0159
-0.02061
-0.02502
-0.02915
-0.03281
-0.03582
-0.03817
-0.03991
-0.04106
-0.04166
-0.04177
-0.04147
-0.04078
-0.03974
-0.03845
-0.037
-0.03547
-0.0339
-0.03229
-0.03063
-0.02891
-0.02713
-0.02529
-0.0234
-0.02149
-0.01958
-0.01772
-0.01596
-0.0143
-0.01277
-0.01136
-0.01006
-0.00886
-0.00775
-0.00674
-0.00583
-0.00502
-0.00431
-0.00364
-0.00297
-0.00227
-0.00156
-0.00092
-0.00042
-0.00011
0
];
Trial>> alfa4=[-10
-9.95
-9.9
-9.85
-9.8
-9.75
-9.7
-9.65
-9.6
-9.55
-9.5
-9.45
-9.4
-9.35
-9.3
-9.25
-9.2
-9.15
-9.1
-9.05
-8.95
-8.9
-8.85
-8.8
-8.75
-8.7
-8.65
-8.6
-8.55
-8.5
-8.45
-8.4
-8.35
-8.3
-8.25
-8.2
-8.15
-8.1
-8.05
-8
-7.95
-7.9
-7.85
-7.8
-7.75
-7.7
-7.65
-7.6
-7.55
-7.5
-7.45
-7.4
-7.35
-7.3
-7.25
-7.2
-7.15
-7.1
-7.05
-7
-6.95
-6.9
-6.85
-6.8
-6.75
-6.7
-6.65
-6.6
-6.55
-6.5
-6.45
-6.4
-6.35
-6.3
-6.25
-6.2
-6.15
-6.1
-6.05
-6
-5.95
-5.9
-5.8
-5.75
-5.7
-5.65
-5.6
-5.55
-5.5
-5.45
-5.4
-5.35
-5.3
-5.25
-5.2
-5.15
-5.1
-5.05
-5
-4.95
-4.9
-4.85
-4.8
-4.75
-4.7
-4.65
-4.6
-4.55
-4.5
-4.45
-4.4
-4.35
-4.3
-4.25
-4.2
-4.15
-4.1
-4.05
-4
-3.95
-3.9
-3.85
-3.8
-3.75
-3.7
-3.65
-3.6
-3.55
-3.5
-3.45
-3.4
-3.35
-3.3
-3.25
-3.2
-3.15
-3.1
-3.05
-3
-2.95
-2.9
-2.85
-2.8
-2.75
-2.7
-2.65
-2.6
-2.55
-2.5
-2.45
-2.4
-2.35
-2.3
-2.25
-2.15
-2.1
-2.05
-2
-1.95
-1.9
-1.85
-1.8
-1.75
-1.7
-1.65
-1.6
-1.55
-1.5
-1.45
-1.4
-1.35
-1.3
-1.25
-1.2
-1.15
-1.1
-1.05
-1
-0.95
-0.9
-0.8
-0.75
-0.7
-0.65
-0.6
-0.55
-0.45
-0.4
-0.35
-0.3
-0.25
-0.2
-0.15
-0.1
-0.05
0
0.05
0.1
0.15
0.2
0.25
0.3
0.35
0.4
0.45
0.5
0.55
0.6
0.65
0.7
0.75
0.8
0.85
0.9
0.95
1
1.05
1.1
1.15
1.2
1.25
1.3
1.35
1.4
1.45
1.5
1.55
1.6
1.65
1.7
1.8
1.85
1.9
1.95
2
2.05
2.1
2.15
2.25
2.3
2.35
2.4
2.45
2.5
2.55
2.6
2.65
2.7
2.75
2.8
2.85
2.9
2.95
3
3.05
3.1
3.15
3.2
3.25
3.3
3.35
3.4
3.45
3.5
3.55
3.6
3.65
3.7
3.75
3.8
3.85
3.9
3.95
4
4.05
4.1
4.15
4.2
4.25
4.3
4.35
4.4
4.45
4.5
4.55
4.6
4.65
4.7
4.75
4.8
4.85
4.9
4.95
5
5.05
5.1
5.15
5.2
5.25
5.3
5.35
5.4
5.45
5.5
5.55
5.6
5.65
5.7
5.75
5.8
5.85
5.9
5.95
6
6.05
6.1
6.15
6.2
6.25
6.3
6.35
6.4
6.45
6.5
6.55
6.6
6.65
6.7
6.75
6.8
6.85
6.9
6.95
7
7.05
7.1
7.15
7.2
7.25
7.3
7.35
7.4
7.45
7.5
7.55
7.6
7.65
7.7
7.75
7.8
7.85
7.9
7.95
8
8.05
8.1
8.15
8.2
8.25
8.3
8.35
8.4
8.45
8.5
8.55
8.6
8.65
8.7
8.75
8.8
8.85
8.9
8.95
9
9.05
9.1
9.15
9.2
9.25
9.3
9.35
9.4
9.45
9.5
9.55
9.6
9.65
9.7
9.75
9.8
9.85
9.9
9.95
10
10.05
10.1
10.15
10.2
10.25
10.3
10.35
10.4
10.45
10.5
10.55
10.6
10.65
10.7
10.75
10.8
10.85
10.9
10.95
11
11.05
11.1
11.15
11.2
11.25
11.3
11.35
11.45
11.5
11.55
11.6
11.65
11.7
11.75
11.8
11.85
11.9
11.95
12
12.05
12.1
12.15
12.2
12.25
12.3
12.35
12.4
12.45
12.5
12.55
12.6
12.65
12.7
12.75
12.8
12.85
12.9
12.95
13
13.05
13.1
13.15
13.2
13.25
13.3
13.35
13.4
13.45
13.5
13.55
13.6
13.65
13.7
13.75
13.8
13.85
13.9
13.95
14
14.05
14.1
14.2
14.25
14.3
14.35
14.4
14.45
14.5
14.55
14.6
14.65
14.7
14.75
14.8
14.85
14.9
14.95
15
15.05
15.1
15.15
15.2
15.25
15.3
15.35
15.4
15.45
15.5
15.55
15.6
15.65
15.7
15.75
15.8
15.85
15.9
15.95
16
16.05
16.1
16.15
16.2
16.25
16.3
16.35
16.4
16.45
16.5
16.55
16.6
16.65
16.7
16.75
16.8
16.85
16.9
16.95
17
17.05
17.1
17.15
17.2
17.25
17.3
17.35
17.4
17.45
17.5
17.55
17.6
17.65
17.7
17.75
17.8
17.85
17.9
17.95
18
18.05
18.1
18.15
18.2
18.25
18.3
18.35
18.4
18.45
18.5
18.55
18.6
18.65
18.7
18.75
18.8
18.85
18.9
18.95
19
19.05
19.1
19.15
19.2
19.25
19.3
19.35
19.4
19.45
19.5
19.55
19.6
19.65
19.7
19.75
19.8
19.85
19.9
19.95
20
20.05
20.1
20.15
20.2
20.25
20.3
20.35
20.4
20.45
20.5
20.55
20.6
20.65
20.7
20.75
20.8
20.85
20.9
20.95
21
21.05
21.1
21.15
21.2
21.25
21.3
21.35
21.4
21.45
21.5
21.55
21.6
21.65
21.7
21.75
21.8
21.85
21.9
21.95
22
22.05
22.1
22.15
22.2
22.25
22.3
22.35
22.4
22.45
22.5
22.55
22.6
22.65
22.7
22.75
22.8
22.85
22.9
22.95
23
23.05
23.1
23.15
23.2
23.25
23.3
23.35
23.4
23.45
23.5
23.55
23.6
23.65
23.7
23.75
23.8
23.85
23.9
23.95
24
24.05
24.1
24.15
24.2
24.25
24.3
24.35
24.4
24.45
24.5
24.55
24.6
24.65
24.7
24.75
24.8
24.85
24.9
24.95
25
25.05
25.1
25.15
25.2
25.25
25.3
25.4
25.5
];
Trial>> cl4=[-0.635
-0.6287
-0.6213
-0.6129
-0.6076
-0.6025
-0.5937
-0.5882
-0.5832
-0.5758
-0.5682
-0.563
-0.5546
-0.5482
-0.5413
-0.5346
-0.5277
-0.5176
-0.5124
-0.5046
-0.5088
-0.4996
-0.499
-0.4859
-0.4825
-0.4786
-0.472
-0.4623
-0.4602
-0.4511
-0.445
-0.4367
-0.4306
-0.4226
-0.4145
-0.409
-0.402
-0.3945
-0.3971
-0.3936
-0.3881
-0.3826
-0.3778
-0.3712
-0.3646
-0.3583
-0.3511
-0.3452
-0.339
-0.3326
-0.3261
-0.3179
-0.3114
-0.304
-0.2988
-0.2957
-0.2916
-0.2875
-0.2824
-0.2773
-0.2717
-0.2659
-0.2598
-0.2528
-0.2471
-0.2397
-0.2329
-0.2252
-0.2187
-0.2146
-0.2106
-0.2072
-0.2029
-0.198
-0.1927
-0.1872
-0.1817
-0.1755
-0.1688
-0.1628
-0.1556
-0.1488
-0.1373
-0.1335
-0.1293
-0.1252
-0.1202
-0.1154
-0.1101
-0.105
-0.0984
-0.0925
-0.0872
-0.0792
-0.0728
-0.0675
-0.0641
-0.059
-0.0553
-0.0506
-0.0455
-0.0405
-0.0352
-0.0297
-0.024
-0.0181
-0.0121
-0.0063
-0.0006
0.0038
0.0087
0.0127
0.0184
0.0225
0.0274
0.0325
0.0378
0.0431
0.0487
0.0544
0.0606
0.0654
0.0701
0.0746
0.0802
0.0844
0.0891
0.094
0.099
0.1041
0.1093
0.1147
0.1203
0.1257
0.1317
0.1367
0.1408
0.1453
0.1499
0.1547
0.1595
0.1644
0.1697
0.1749
0.18
0.1854
0.1901
0.1954
0.2
0.2045
0.2095
0.2146
0.2193
0.2246
0.2342
0.2391
0.2438
0.2487
0.2538
0.259
0.2641
0.2689
0.2736
0.2783
0.283
0.2877
0.2923
0.2972
0.3025
0.3073
0.3121
0.3163
0.3211
0.3259
0.3314
0.3359
0.3405
0.3449
0.3498
0.3545
0.3635
0.368
0.3729
0.3776
0.3814
0.3861
0.395
0.3994
0.4036
0.4079
0.4118
0.4161
0.4205
0.4236
0.4277
0.4317
0.4358
0.4398
0.4433
0.4476
0.4521
0.4553
0.4605
0.4637
0.4682
0.4717
0.477
0.4808
0.4843
0.4886
0.4939
0.4984
0.5035
0.5112
0.5216
0.5461
0.5598
0.5718
0.5901
0.6019
0.607
0.6242
0.632
0.6407
0.647
0.6549
0.6627
0.6684
0.6775
0.6849
0.7017
0.7105
0.7196
0.7299
0.7364
0.7452
0.754
0.7633
0.7793
0.7942
0.7985
0.7994
0.8037
0.809
0.8125
0.8171
0.8206
0.8243
0.8285
0.8332
0.8379
0.8418
0.846
0.8487
0.8529
0.8582
0.8609
0.8647
0.8681
0.8714
0.8754
0.8803
0.8845
0.8876
0.8917
0.8963
0.9005
0.9046
0.9091
0.9132
0.9166
0.9216
0.9257
0.9287
0.933
0.9368
0.9414
0.9443
0.9481
0.9518
0.955
0.9592
0.9636
0.9659
0.9708
0.9751
0.9791
0.9837
0.9873
0.9914
0.9958
1.0003
1.0033
1.0067
1.0123
1.0149
1.0186
1.0227
1.0276
1.029
1.0324
1.0345
1.0385
1.0433
1.0476
1.0514
1.0561
1.0604
1.0645
1.0676
1.0721
1.0768
1.0792
1.0833
1.088
1.0896
1.0928
1.0974
1.1007
1.1019
1.1054
1.1082
1.1096
1.1138
1.1178
1.1216
1.1253
1.1289
1.1326
1.1369
1.1401
1.144
1.1469
1.1498
1.154
1.1561
1.1589
1.161
1.1657
1.1671
1.17
1.1735
1.1788
1.183
1.1866
1.1884
1.1937
1.1979
1.2006
1.2044
1.2081
1.2091
1.2095
1.212
1.216
1.2221
1.2247
1.2292
1.2331
1.2371
1.2387
1.2446
1.241
1.2454
1.254
1.2491
1.259
1.2578
1.2621
1.265
1.2695
1.2668
1.2762
1.2781
1.2796
1.2818
1.2811
1.2846
1.2901
1.2935
1.2923
1.2971
1.3042
1.3039
1.3024
1.3099
1.3083
1.312
1.3149
1.3188
1.3223
1.323
1.3231
1.3269
1.3247
1.3314
1.3315
1.3348
1.3359
1.3402
1.3417
1.3446
1.3442
1.3488
1.3514
1.3493
1.3533
1.3567
1.3591
1.3627
1.3649
1.3684
1.3684
1.3684
1.3734
1.3749
1.3764
1.3764
1.3812
1.3834
1.3844
1.3898
1.3921
1.3933
1.3955
1.3991
1.4
1.4028
1.404
1.4032
1.4052
1.4119
1.4059
1.4128
1.4157
1.4142
1.4166
1.4206
1.4223
1.4235
1.427
1.4295
1.4327
1.4343
1.437
1.439
1.4395
1.4409
1.4447
1.4431
1.4456
1.4476
1.4473
1.4444
1.4483
1.4515
1.4505
1.4539
1.4543
1.4577
1.4601
1.4613
1.464
1.4651
1.4672
1.4698
1.4679
1.4713
1.4735
1.4717
1.4719
1.4737
1.477
1.4741
1.4728
1.4753
1.4761
1.4788
1.4807
1.4824
1.4821
1.4843
1.4865
1.4864
1.4868
1.4881
1.4834
1.4878
1.4867
1.4837
1.4855
1.484
1.4845
1.4847
1.487
1.4878
1.4892
1.4893
1.4905
1.4875
1.4885
1.4876
1.4817
1.4904
1.4857
1.4835
1.4907
1.4808
1.4777
1.4791
1.4765
1.4793
1.4788
1.4752
1.4744
1.4797
1.4751
1.4777
1.4712
1.4755
1.4717
1.4676
1.4635
1.4536
1.4722
1.4552
1.458
1.4642
1.4564
1.454
1.4532
1.4533
1.4563
1.4543
1.4517
1.4493
1.4546
1.449
1.4357
1.4514
1.4472
1.4452
1.4402
1.443
1.4478
1.4412
1.4476
1.4401
1.438
1.4342
1.4458
1.4238
1.4378
1.4422
1.4242
1.4157
1.4372
1.4233
1.4212
1.4241
1.4122
1.4075
1.3943
1.4122
1.3892
1.3906
1.3969
1.4038
1.3933
1.3893
1.3905
1.391
1.3879
1.3909
1.3887
1.3907
1.3895
1.3867
1.3882
1.385
1.3856
1.3781
1.3825
1.3818
1.3826
1.3753
1.3824
1.3786
1.3811
1.3821
1.3818
1.3812
1.3776
1.3783
1.3801
1.3751
1.3739
1.3764
1.376
1.3691
1.3715
1.3745
1.3689
1.3743
1.369
1.3691
1.3675
1.3715
1.3669
1.3696
1.3684
1.3667
1.368
1.3671
1.3611
1.3621
1.3609
1.3609
1.3621
1.3593
1.3596
1.3634
1.3598
1.3604
1.3573
1.3597
1.3609
1.3589
1.3568
1.359
1.3572
1.3556
1.3585
1.3576
1.3547
1.3564
1.3502
1.3504
1.353
1.3514
1.3495
1.3495
1.3497
1.346
1.3481
1.3484
1.3448
1.3444
1.3465
1.3456
1.3432
1.3428
1.3427
1.3433
1.3382
1.3395
1.3371
1.3378
1.3334
1.3381
1.335
1.3351
1.3334
1.3356
1.3333
1.333
1.3325
1.3332
1.3291
1.3255
1.3246
1.3216
1.3245
1.3224
1.3232
1.3144
1.3239
1.319
1.3154
1.3163
1.3159
1.3143
1.3156
1.3036
1.3104
1.3055
1.3036
1.3
1.2881
1.2964
1.2922
1.2926
1.288
1.2844
1.2509
1.2686
1.2435
1.2626
1.2555
1.2547
];
Trial>> cd4=[0.01967
0.01953
0.01949
0.01958
0.01926
0.01888
0.01896
0.01856
0.01838
0.01806
0.01813
0.01769
0.01769
0.01747
0.01738
0.01714
0.01693
0.0171
0.01667
0.01646
0.01606
0.01622
0.0156
0.01615
0.01571
0.01516
0.01512
0.01535
0.01472
0.01469
0.0145
0.01453
0.0143
0.01415
0.01424
0.0141
0.0138
0.01384
0.01361
0.0135
0.01349
0.01339
0.0132
0.01319
0.01311
0.01307
0.01302
0.01291
0.01275
0.01261
0.01252
0.01245
0.01237
0.01231
0.01231
0.0123
0.01226
0.01219
0.01213
0.01204
0.01195
0.01184
0.0118
0.01177
0.01167
0.01168
0.01161
0.01158
0.01148
0.01153
0.01151
0.01141
0.01133
0.01128
0.01124
0.01119
0.01112
0.01109
0.01109
0.011
0.01099
0.011
0.01095
0.01091
0.0109
0.01079
0.01077
0.01073
0.01067
0.01058
0.01061
0.01061
0.01046
0.01054
0.01054
0.01048
0.01045
0.01049
0.01038
0.01033
0.01031
0.01025
0.01021
0.01017
0.01014
0.01011
0.01009
0.01006
0.01005
0.01003
0.01004
0.01001
0.01001
0.00994
0.00988
0.00985
0.00982
0.00977
0.00975
0.00975
0.00976
0.0097
0.00969
0.00966
0.0097
0.00963
0.00959
0.00956
0.00953
0.00951
0.00948
0.00947
0.00947
0.00946
0.00947
0.00947
0.00939
0.00937
0.00933
0.0093
0.00928
0.00927
0.00926
0.00925
0.00924
0.00923
0.00921
0.0092
0.00917
0.00914
0.00913
0.00911
0.0091
0.00911
0.00907
0.00903
0.00901
0.00902
0.00901
0.00902
0.00902
0.00901
0.00896
0.00893
0.00892
0.0089
0.00889
0.0089
0.00888
0.00889
0.00884
0.00887
0.00885
0.00884
0.00884
0.00881
0.00878
0.00874
0.00873
0.00872
0.00867
0.00865
0.00865
0.00865
0.00861
0.0086
0.00852
0.00849
0.00844
0.0084
0.00834
0.00831
0.00829
0.00824
0.00819
0.00818
0.00815
0.00814
0.00813
0.00813
0.00809
0.00802
0.00803
0.00797
0.00794
0.00791
0.0079
0.00788
0.00782
0.00781
0.00781
0.00775
0.00777
0.00776
0.00778
0.00783
0.00785
0.00788
0.00792
0.00795
0.00796
0.00802
0.00806
0.0081
0.00814
0.00817
0.00822
0.00828
0.00833
0.0084
0.00844
0.00847
0.00849
0.00852
0.00854
0.00858
0.00859
0.00862
0.00871
0.00872
0.00875
0.00884
0.00887
0.00887
0.0089
0.00891
0.0089
0.00891
0.00893
0.00895
0.00896
0.00898
0.009
0.00903
0.00905
0.00906
0.0091
0.00914
0.00917
0.00922
0.00926
0.00928
0.00931
0.00937
0.00937
0.0094
0.0094
0.00942
0.00943
0.00946
0.00948
0.0095
0.00952
0.00955
0.00958
0.00961
0.00963
0.00968
0.00972
0.00975
0.0098
0.00984
0.00987
0.00993
0.00995
0.00998
0.00998
0.01
0.01002
0.01004
0.01006
0.01008
0.01012
0.01015
0.01017
0.01021
0.01026
0.01029
0.01031
0.01038
0.01043
0.01051
0.01054
0.01058
0.0106
0.0106
0.01062
0.01065
0.01067
0.0107
0.01073
0.01075
0.01079
0.01083
0.01086
0.01091
0.01095
0.01098
0.01102
0.01108
0.01112
0.01118
0.01125
0.01127
0.01129
0.01132
0.01134
0.01137
0.01141
0.01144
0.01147
0.01151
0.01156
0.01161
0.01164
0.01171
0.01177
0.01184
0.01187
0.01197
0.01202
0.01204
0.01208
0.01212
0.01216
0.01222
0.01225
0.01229
0.01236
0.0124
0.01246
0.01257
0.0127
0.01279
0.01283
0.01283
0.01291
0.01296
0.013
0.01305
0.01315
0.01316
0.01341
0.01346
0.01338
0.01369
0.01357
0.01378
0.01383
0.01391
0.01395
0.01422
0.0141
0.01422
0.01436
0.01448
0.01471
0.01479
0.01479
0.01487
0.01513
0.01515
0.0151
0.01532
0.0156
0.01552
0.01581
0.01588
0.01599
0.01605
0.01613
0.01634
0.01657
0.01664
0.01699
0.01693
0.01717
0.01727
0.01748
0.01752
0.0177
0.01782
0.01811
0.01813
0.01827
0.01865
0.01873
0.01882
0.01897
0.01906
0.01923
0.01932
0.0196
0.01988
0.0199
0.02009
0.02029
0.02059
0.02062
0.02078
0.02103
0.02131
0.02148
0.02171
0.02189
0.02199
0.02225
0.02239
0.02264
0.02301
0.02321
0.02312
0.02382
0.0237
0.02386
0.02429
0.02447
0.02455
0.02479
0.02504
0.02515
0.02534
0.02547
0.02574
0.02588
0.0261
0.02642
0.02668
0.02677
0.02724
0.02745
0.02767
0.02807
0.02864
0.02872
0.02884
0.02931
0.02943
0.02978
0.02991
0.0301
0.03043
0.0306
0.03091
0.03114
0.03133
0.03188
0.03203
0.03224
0.03282
0.03322
0.03349
0.03363
0.03434
0.03487
0.03553
0.03588
0.0361
0.03638
0.03666
0.03714
0.03742
0.03767
0.03813
0.03858
0.03888
0.03978
0.03983
0.04043
0.0412
0.0415
0.04211
0.04258
0.04302
0.0433
0.0437
0.04406
0.0445
0.04491
0.04573
0.0461
0.04671
0.0478
0.04745
0.04841
0.04911
0.04888
0.05045
0.05129
0.05163
0.05246
0.05266
0.05322
0.05414
0.05476
0.05473
0.0558
0.05606
0.05735
0.05741
0.05839
0.05941
0.06047
0.06221
0.06057
0.06318
0.06343
0.06326
0.06477
0.06561
0.06627
0.06687
0.06709
0.06792
0.06883
0.06973
0.06966
0.07095
0.07321
0.07184
0.07293
0.07378
0.07501
0.07524
0.0752
0.07671
0.07647
0.07805
0.07892
0.08003
0.0791
0.08259
0.08134
0.08135
0.08433
0.0861
0.08382
0.08631
0.08715
0.0874
0.08951
0.09068
0.09295
0.09131
0.09489
0.09536
0.09511
0.09484
0.09687
0.09808
0.09846
0.09905
0.10001
0.10037
0.10115
0.10162
0.10233
0.10329
0.10367
0.10496
0.10538
0.10725
0.10726
0.10798
0.10855
0.11025
0.10982
0.11104
0.11124
0.11168
0.11238
0.11309
0.11427
0.11483
0.11507
0.11657
0.11739
0.11764
0.11827
0.12012
0.1205
0.12057
0.12202
0.12178
0.12325
0.12384
0.12476
0.12473
0.12609
0.12645
0.12722
0.12797
0.12846
0.12935
0.13095
0.13135
0.13219
0.13287
0.13334
0.13442
0.13493
0.13501
0.13616
0.13665
0.13782
0.13817
0.13852
0.13947
0.14043
0.14075
0.14161
0.14256
0.1428
0.14353
0.14474
0.14485
0.14664
0.14739
0.14756
0.14829
0.1493
0.1501
0.15053
0.15171
0.15214
0.15264
0.15386
0.15446
0.15449
0.1555
0.15636
0.15682
0.1575
0.15814
0.15958
0.16002
0.16119
0.16172
0.1628
0.16295
0.16388
0.16447
0.1654
0.16577
0.16667
0.16735
0.16814
0.16876
0.17003
0.17146
0.17218
0.17347
0.17367
0.17475
0.1754
0.17757
0.17662
0.17815
0.17951
0.18001
0.18084
0.18177
0.18227
0.18548
0.18474
0.18645
0.18769
0.18905
0.1926
0.19126
0.19301
0.19364
0.1954
0.19709
0.20572
0.20226
0.20926
0.20535
0.20898
0.21065
];
Trial>> plot(x4,y4,'k')
Trial>> hold on
Trial>> plot(xcp,ycp,'y')
Trial>> plot(xn,yn,'g')
Trial>> plot(xca,yca,'m')
Trial>> plot(alfa4,cl4,'k')
Trial>> hold on
Trial>> plot(alfacp,clcp,'y')
Trial>> plot(alfan,cln,'g')
Trial>> plot(alfaca,clca,'m')
Trial>> plot(cl4,cd4,'k')
Trial>> plot(cd4,cl4,'k')
Trial>> hold on
Trial>> plot(cdcp,clcp,'y')
Trial>> plot(cdn,cln,'g')
Trial>> plot(cdca,clca,'m')
Trial>> 